2.49999   0.397938   12.4996  1.0969   0
0.053277   -1.27346   1.12615  0.0515976   8
0.0140054   -1.85371   0.0226859  -1.64424   28
0.00961848   -2.01689   0.0122146  -1.91312   36
0.00685002   -2.16431   0.00896951  -2.04723   52
0.00494404   -2.30592   0.00619626  -2.20787   68
0.00342868   -2.46487   0.00437775  -2.35875   100
0.00251815   -2.59892   0.00317857  -2.49777   132
0.00171716   -2.76519   0.00230005  -2.63826   196
0.000860288   -3.06536   0.00149077  -2.82659   388
0.000430361   -3.36617   0.000758352  -3.12013   772
