0.0989563   -1.00456   98.988  1.99558   0
0.000349824   -3.45615   0.0363527  -1.43946   52
0.000292387   -3.53404   0.000342693  -3.46509   132
0.000276777   -3.55787   0.000275853  -3.55932   196
0.000256964   -3.59013   0.000213585  -3.67043   260
0.000252469   -3.59779   0.000182777  -3.73808   324
0.000231504   -3.63544   0.000137618  -3.86132   388
0.000226941   -3.64409   0.00011686  -3.93233   452
0.00020669   -3.68468   8.67239e-05  -4.06186   516
0.000205106   -3.68802   7.04989e-05  -4.15182   612
0.000190469   -3.72018   5.75735e-05  -4.23978   644
0.000183919   -3.73537   4.73974e-05  -4.32425   708
0.000169517   -3.77079   3.58683e-05  -4.44529   772
0.000169422   -3.77103   3.14157e-05  -4.50285   836
0.000168509   -3.77338   2.91696e-05  -4.53507   868
0.000155869   -3.80724   2.36349e-05  -4.62645   900
0.000151238   -3.82034   1.96089e-05  -4.70755   964
0.000138291   -3.85921   1.46203e-05  -4.83504   1028
0.000137506   -3.86168   1.18752e-05  -4.92536   1124
0.000128847   -3.88993   9.85199e-06  -5.00648   1156
0.000123465   -3.90846   7.98586e-06  -5.09768   1220
0.000114848   -3.93988   6.13597e-06  -5.21212   1284
0.000113858   -3.94364   5.29177e-06  -5.2764   1348
0.000104786   -3.9797   3.98327e-06  -5.39976   1412
0.000102568   -3.98899   3.35637e-06  -5.47413   1476
9.36071e-05   -4.02869   2.49171e-06  -5.6035   1540
9.30987e-05   -4.03106   2.02472e-06  -5.69364   1636
8.68661e-05   -4.06115   1.66657e-06  -5.77818   1668
8.35957e-05   -4.07782   1.36141e-06  -5.86601   1732
7.74348e-05   -4.11106   1.03812e-06  -5.98375   1796
7.70961e-05   -4.11297   9.02248e-07  -6.04467   1860
7.70234e-05   -4.11338   8.44581e-07  -6.07336   1892
7.09536e-05   -4.14903   6.78967e-07  -6.16815   1924
6.91587e-05   -4.16015   5.67692e-07  -6.24589   1988
